FRAMES = 10
HIGH = 3.14259
LOW = 2.67792
AVG = 2.94385
